100000002021120100000111106
200000002021120100000122208
300000002021120100000133308
400000002021120100000144409
500000002021120100000211107
600000002021120100000222207
700000002021120100000233309
800000002021120200000311110
900000002021120200000322208
101000002021120200000333309
102000002021120200000344407
104000002021120300000411109
105000002021120300000422208
106000002021120300000433309
107000002021120300000444410
109000002021120400000511108
110000002021120400000522209
111000002021120400000533310
112000002021120400000544407
113000002021120400000611108
114000002021120400000622207
115000002021120400000633308
116000002021120400000644406
117000002021120500000711107
118000002021120500000722210
119000002021120500000733309
111100002021120500000744408
111200002021120500000811109
111300002021120500000922207
111400002021120600000933308
111500002021120600000944410

